RTB = [8.16875
7.476
7.106363636
7.165454545
6.89953125
6.138923077
5.527878788
5.353484848
5.535
5.656615385
6.038030303
5.864545455
5.722615385
6.214615385
7.015
7.732461538
8.544615385
8.402923077
7.845076923
7.653692308
7.758769231
7.746461538
7.479846154
6.996515152
6.03078125
5.558153846
5.382121212
4.546515152
3.893538462
3.680769231
3.084545455
3.071363636
2.96015625
2.966769231
3.003333333
3.060606061
3.25125
3.991384615
4.478939394
5.285076923
5.735538462
5.596153846
5.367692308
5.261846154
4.932153846
5.017846154
5.097575758
4.976060606
5.05984375
5.048461538
5.04530303
5.087727273
5.0521875
4.976307692
4.824242424
4.253030303
4.4071875
4.452615385
4.65
5.048484848
5.525230769
5.716153846
6.018923077
6.020461538
4.819846154
3.658769231
3.189230769
1.913787879
1.7209375
1.717384615
1.644090909
1.338636364
1.156875
1.041846154
0.929242424
0.916060606
0.916615385
1.077538462
1.486666667
2.013181818
2.54296875
2.864615385
3.363333333
3.828461538
4.394
4.706769231
4.908307692
4.904153846
4.981846154
4.736461538
4.314461538
3.403636364
2.065076923
1.623076923
1.491969697
0.301515152
0.210625
0.173230769
0.156818182
0.056666667
0.10796875
0.146461538
0.156666667
0.136818182
0.12578125
0.046461538
0.023030303
0.013230769
0.198008611];


RG10 = [11.624548
10.916302
10.482159
9.9532108
8.7948952
7.9190407
7.7363768
7.612916
7.4169621
8.4737139
8.9588184
9.2136927
8.5891619
9.0370951
9.2116394
9.0436926
9.2795486
8.8600769
8.2061853
8.0263157
8.5235233
8.7644367
8.7908363
8.4862804
8.1593075
8.2839632
8.1015596
7.537817
7.5282826
7.5485616
6.9217291
7.0050349
6.5306416
6.2135487
5.7928925
5.7783003
6.2355132
7.1909914
7.4164524
7.8968506
7.5717487
6.6994686
6.4525514
6.0012088
6.0342121
6.8252282
6.8284492
6.4202023
6.6334982
6.7883959
6.3629675
6.0278606
5.7364087
5.7592359
5.3686466
4.9457517
5.3538733
5.8437071
6.2363181
6.4747949
6.6704221
6.4288263
6.1153674
5.7716746
5.3007274
5.5031409
5.2569795
5.0601678
5.3882799
5.3549685
4.5450921
4.2939548
4.1594753
3.8045428
4.4038138
4.4354453
4.1433258
4.7499776
4.4458609
4.3016
4.3917279
4.2358298
4.289392
4.5957246
4.6695452
5.1506238
4.9626493
4.6992679
4.7562823
4.9198875
4.8419905
4.4092484
3.8674278
4.0908437
4.0503187
3.7229354
3.2291148
3.6503761
3.8119266
3.6852856
3.8655672
3.6172874
2.8971016
2.9661727
3.5285485
3.2762873
2.4836407
2.0939345
2.785344381];

RG10 = RG10(9:end);
RTB = RTB(9:end);